4059
4082
4102
4119
4134
4147
4157
4166
4172
4176
4178
4179
4178
4176
4173
4169
4164
4159
4154
4148
4142
4137
4132
4128
4125
4123
4122
4122
4123
4126
4130
4136
4143
4152
4162
4174
4187
4202
4217
4234
4251
4269
4288
4307
4326
4345
4364
4383
4400
4417
4433
4447
4460
4471
4481
4488
4493
4495
4496
4493
4488
4481
4471
4458
4442
4424
4403
4380
4355
4327
4297
4265
4232
4197
4161
4124
4086
4048
4009
3970
3932
3894
3857
3821
3786
3752
3720
3690
3662
3637
3613
3592
3574
3558
3545
3535
3527
3522
3520
3520
3523
3528
3535
3545
3556
3569
3583
3599
3615
3633
3650
3669
3687
3705
3722
3739
3755
3770
3783
3795
3805
3814
3820
3824
3826
3826
3824
3819
3812
3802
3790
3776
3760
3742
3721
3699
3676
3651
3625
3598
3570
3541
3512
3483
3454
3426
3397
3370
3343
3318
3293
3271
3249
3230
3212
3196
3182
3169
3159
3151
3145
3140
3138
3137
3138
3140
3144
3149
3155
3162
3169
3177
3186
3194
3202
3210
3217
3223
3228
3233
3236
3237
3237
3235
3231
3225
3218
3208
3196
3182
3166
3149
3129
3108
3085
3060
3034
3007
2979
2950
2920
2890
2860
2831
2801
2773
2745
2718
2693
2670
2648
2628
2611
2596
2584
2575
2568
2565
2564
2567
2573
2582
2594
2609
2628
2649
2673
2700
2729
2761
2795
2831
2868
2907
2947
2989
3030
3073
3116
3158
3200
3242
3283
3323
3361
3399
3434
3468
3500
3529
3557
3582
3605
3626
3645
3661
3674
3686
3695
3703
3708
3712
3714
3714
3714
3712
3709
3706
3702
3697
3693
3689
3685
3682
3679
3677
3676
3676
3678
3681
3685
3691
3699
3708
3718
3730
3744
3759
3776
3794
3813
3832
3853
3875
3896
3919
3941
3963
3985
4006
4027
4046
4064
4081
4097
4110
4122
4131
4138
4143
4146
4146
4143
4138
4130
4119
4106
4090
4072
4052
4029
4005
3978
3950
3920
3889
3857
3824
3791
3757
3723
3689
3656
3624
3592
3562
3533
3506
3480
3457
3435
3417
3400
3386
3375
3367
3361
3358
3357
3360
3365
3372
3382
3394
3408
3425
3443
3462
3483
3505
3528
3551
3575
3599
3623
3647
3669
3691
3712
3732
3751
3767
3782
3795
3806
3814
3821
3825
3827
3826
3823
3818
3810
3801
3789
3775
3760
3742
3724
3704
3683
3661
3638
3615
3592
3569
3546
3523
3501
3479
3459
3440
3422
3406
3391
3378
3367
3358
3351
3345
3342
3340
3340
3343
3347
3352
3359
3368
3378
3388
3400
3412
3425
3438
3451
3464
3477
3489
3501
3511
3520
3528
3535
3539
3543
3544
3543
3540
3536
3529
3520
3509
3496
3480
3464
3445
3425
3403
3380
3356
3331
3305
3279
3252
3226
3199
3174
3149
3125
3102
3081
3062
3045
3029
3016
3006
2998
2993
2991
2992
2996
3004
3014
3027
3044
3063
3085
3110
3138
3168
3201
3236
3272
3311
3351
3392
3434
3477
3520
3564
3608
3651
3694
3736
3776
3816
3854
3891
3925
3958
3989
4017
4044
4067
4089
4108
4125
4139
4151
4160
4168
4173
4177
4179
4179
4178
4175
4172
4168
4163
4157
4152
4146
4140
4135
4131
4127
4124
4122
4121
4122
4124
4127
4132
4138
4146
4155
4166
4178
4192
4207
4223
4240
4257
4276
4294
4314
4333
4352
4371
4389
4406
4423
4438
4452
4464
4475
4483
4490
4494
4496
4495
4492
4486
4478
4466
4453
4436
4417
4395
4371
4345
4317
4286
4254
4220
4185
4148
4111
4073
4034
3996
3957
3919
3881
3844
3808
3774
3741
3710
3680
3653
3628
3606
3586
3568
3554
3541
3532
3525
3521
3520
3521
3525
3530
3538
3548
3560
3574
3588
3604
3621
3639
3657
3675
3693
3711
3728
3745
3760
3775
3788
3799
3809
3816
3822
3825
3827
3826
3822
3817
3808
3798
3785
3771
3754
3735
3714
3692
3668
3642
3616
3588
3560
3531
3502
3473
3444
3416
3388
3361
3334
3309
3285
3263
3242
3223
3206
3191
3177
3166
3156
3149
3143
3139
3137
3137
3139
3142
3146
3151
3157
3164
3172
3180
3188
3197
3205
3212
3219
3225
3230
3234
3236
3237
3236
3234
3229
3223
3215
3204
3192
3177
3161
3142
3122
3100
3076
3051
3025
2997
2969
2940
2910
2880
2850
2821
2791
2763
2736
2710
2685
2662
2641
2622
2606
2592
2581
2572
2567
2564
2565
2569
2576
2586
2599
2615
2635
2657
2682
2710
2740
2772
2807
2843
2881
2921
2961
3003
3045
3088
3130
3173
3215
3256
3297
3336
3374
3411
3446
3479
3510
3539
3566
3591
3613
3633
3650
3666
3679
3689
3698
3705
3710
3713
3714
3714
3713
3711
3708
3704
3700
3696
3692
3688
3684
3681
3678
3677
3676
3677
3679
3682
3687
3694
3702
3711
3722
3735
3749
3765
3782
3800
3819
3839
3860
3882
3904
3926
3949
3971
3992
4013
4033
4053
4070
4087
4101
4114
4125
4134
4140
4144
4146
4145
4141
4135
4126
4115
4101
4084
4066
4044
4021
3996
3969
3940
3910
3878
3846
3813
3779
3745
3711
3678
3645
3613
3581
3552
3523
3497
3472
3449
3429
3411
3395
3382
3372
3364
3359
3357
3358
3361
3367
3375
3386
3399
3414
3431
3449
3469
3490
3513
3536
3560
3583
3607
3631
3654
3677
3699
3719
3739
3756
3773
3787
3799
3809
3817
3822
3826
3827
3825
3821
3815
3807
3797
3784
3770
3754
3736
3717
3697
3675
3653
3630
3607
3584
3561
3538
3515
3493
3472
3452
3434
3416
3401
3387
3374
3364
3355
3348
3344
3341
3340
3341
3344
3348
3354
3362
3371
3381
3392
3404
3417
3430
3443
3456
3469
3481
3493
3504
3514
3523
3531
3536
3541
3543
3544
3542
3539
3533
3526
3516
3504
3491
3475
3457
3438
3417
3395
3372
3347
3322
3296
3269
3243
3217
3190
3165
3141
3117
3095
3074
3056
3039
3025
3013
3003
2996
2992
2991
2993
2999
3007
3018
3032
3050
3070
3094
3120
3148
3179
3213
3248
3285
3324
3365
3406
3449
3492
3535
3579
3623
3666
3708
3750
3790
3829
3867
3903
3937
3969
3999
4027
4052
4075
4096
4114
4130
4143
4154
4163
4170
4175
4178
4179
4179
4177
4174
4171
4166
4161
4155
4150
4144
4139
4134
4129
4126
4123
4122
4122
4123
4125
4129
4134
4141
4149
4159
4170
4183
4197
4212
4228
4246
4263
4282
4301
4320
4339
4358
4377
4395
4412
4428
4443
4456
4468
4478
4486
4491
4495
4496
4494
4490
4484
4474
4462
4447
4430
4410
4387
4363
4336
4306
4275
4242
4208
4172
4136
4098
4060
4021
3982
3944
3906
3868
3832
3796
3762
3730
3699
3671
3644
3620
3599
3579
3563
3549
3538
3529
3524
3521
3520
3522
3526
3533
3542
3552
3565
3578
3594
3610
3627
3645
3663
3681
3699
3717
3734
3750
3765
3779
3792
3802
3811
3818
3823
3826
3827
3825
3821
3814
3805
3794
3781
3765
3747
3728
3706
3683
3659
3633
3606
3579
3550
3521
3492
3463
3435
3406
3378
3351
3326
3301
3277
3256
3235
3217
3200
3186
3173
3162
3153
3146
3142
3138
3137
3138
3139
3143
3147
3153
3160
3167
3175
3183
3191
3199
3207
3215
3221
3227
3232
3235
3237
3237
3236
3232
3227
3220
3211
3200
3187
3172
3154
3135
3114
3092
4240
4269
4287
4294
4291
4276
4250
4213
4166
4110
4046
3974
3897
3817
3733
3649
3566
3485
3409
3338
3275
3220
3175
3141
3118
3107
3108
3120
3145
3181
3227
3283
3348
3419
3496
3578
3661
3746
3830
3911
3989
4061
4126
4183
4232
4271
4299
4318
4325
4323
4310
4288
4258
4220
4176
4126
4073
4018
3962
3907
3854
3805
3760
3722
3690
3666
3651
3645
3647
3659
3679
3707
3743
3785
3833
3885
3940
3997
4053
4109
4161
4210
4252
4288
4317
4336
4346
4346
4336
4315
4284
4244
4194
4136
4070
3999
3922
3842
3759
3677
3595
3516
3441
3371
3307
3252
3205
3167
3139
3121
3113
3115
3127
3147
3175
3210
3251
3295
3343
3392
3441
3487
3530
3568
3600
3624
3639
3644
3639
3623
3596
3557
3508
3447
3378
3299
3212
3119
3021
2919
2816
2713
2611
2512
2419
2332
2253
2183
2123
2075
2038
2013
2001
2001
2013
2036
2070
2113
2164
2223
2287
2355
2426
2497
2567
2635
2698
2756
2808
2852
2887
2912
2928
2934
2930
2917
2894
2862
2823
2777
2726
2671
2614
2555
2496
2440
2387
2338
2295
2259
2232
2213
2203
2202
2212
2230
2258
2295
2339
2390
2447
2509
2574
2640
2707
2772
2835
2894
2948
2995
3034
3065
3087
3100
3103
3096
3080
3054
3021
2980
2932
2880
2823
2764
2704
2645
2587
2534
2485
2442
2407
2381
2363
2356
2359
2373
2397
2431
2475
2528
2589
2656
2729
2807
2887
2967
3048
3126
3200
3269
3332
3387
3432
3468
3494
3508
3512
3504
3486
3457
3419
3373
3319
3259
3195
3128
3059
2991
2926
2864
2807
2758
2716
2685
2663
2653
2654
2668
2694
2731
2781
2841
2911
2989
3076
3168
3266
3366
3468
3570
3669
3766
3857
3942
4020
4089
4148
4198
4237
4266
4284
4292
4291
4281
4263
4238
4208
4174
4137
4098
4060
4024
3991
3962
3939
3922
3913
3912
3920
3937
3963
3997
4040
4090
4148
4211
4278
4349
4422
4496
4569
4639
4705
4766
4821
4868
4907
4936
4955
4964
4962
4950
4929
4897
4857
4809
4754
4694
4630
4563
4494
4427
4361
4298
4241
4189
4145
4109
4081
4063
4056
4058
4069
4091
4121
4159
4204
4255
4311
4370
4430
4491
4550
4605
4656
4701
4738
4767
4786
4794
4792
4778
4753
4716
4669
4611
4544
4469
4386
4298
4205
4110
4014
3919
3827
3739
3657
3581
3515
3458
3412
3377
3354
3344
3345
3358
3382
3417
3462
3515
3576
3642
3713
3786
3860
3934
4005
4073
4135
4191
4239
4279
4309
4330
4340
4340
4330
4310
4281
4245
4201
4151
4096
4038
3978
3918
3859
3803
3750
3703
3662
3629
3604
3588
3581
3584
3595
3616
3646
3683
3728
3778
3833
3892
3952
4013
4073
4131
4185
4234
4277
4312
4338
4356
4364
4363
4351
4330
4299
4260
4212
4158
4098
4033
3965
3895
3826
3757
3692
3631
3576
3527
3487
3456
3434
3422
3421
3430
3449
3477
3515
3561
3614
3673
3736
3802
3870
3937
4003
4065
4122
4173
4217
4251
4276
4291
4294
4287
4268
4238
4198
4148
4089
4022
3948
3870
3788
3704
3620
3537
3458
3384
3315
3255
3204
3162
3132
3113
3106
3111
3128
3156
3196
3246
3305
3372
3445
3524
3606
3691
3775
3858
3939
4014
4084
4147
4201
4246
4282
4307
4321
4326
4319
4304
4279
4246
4205
4159
4108
4054
3999
3943
3888
3836
3789
3746
3710
3681
3660
3648
3644
3650
3665
3688
3718
3757
3801
3850
3904
3959
4016
4073
4127
4179
4225
4266
4299
4324
4341
4347
4344
4330
4306
4272
4228
4175
4114
4046
3973
3895
3814
3731
3648
3567
3489
3416
3348
3287
3234
3191
3156
3132
3117
3113
3118
3133
3156
3186
3223
3266
3312
3360
3409
3457
3503
3544
3580
3609
3630
3642
3644
3635
3615
3584
3541
3488
3424
3351
3270
3181
3086
2986
2884
2780
2677
2576
2479
2388
2304
2227
2161
2105
2061
2028
2008
2000
2004
2019
2046
2084
2130
2184
2245
2310
2379
2450
2521
2591
2657
2719
2775
2824
2865
2897
2919
2932
2934
2927
2910
2884
2850
2808
2760
2708
2652
2593
2534
2477
2421
2369
2322
2282
2249
2224
2208
2201
2204
2217
2239
2270
2309
2356
2409
2468
2531
2596
2663
2730
2794
2856
2913
2965
3009
3046
3074
3093
3102
3101
3091
3072
3044
3008
2964
2915
2861
2803
2743
2683
2625
2568
2516
2469
2429
2397
2374
2360
2356
2363
2380
2408
2445
2492
2548
2611
2681
2756
2834
2914
2995
3075
3152
3225
3292
3352
3404
3446
3478
3500
3511
3510
3499
3477
3445
3404
3355
3299
3237
3172
3104
3036
2968
2904
2844
2789
2742
2704
2676
2658
2652
2658
2676
2705
2747
2800
2864
2937
3018
3107
3202
3300
3401
3503
3604
3703
3798
3887
3970
4044
4110
4166
4213
4248
4273
4288
4293
4289
4276
4255
4228
4197
4161
4123
4085
4047
4012
3980
3953
3932
3918
3912
3914
3925
3945
3974
4011
4057
4109
4169
4234
4303
4374
4448
4521
4593
4662
4727
4786
4838
4882
4918
4943
4959
4965
4959
4944
4919
4884
4841
4791
4734
4672
4607
4539
4471
4404
4339
4278
4222
4173
4131
4098
4074
4060
4055
4060
4076
4100
4133
4174
4221
4274
4331
4391
4451
4511
4569
4623
4672
4715
4749
4775
4790
4795
4788
4771
4742
4701
4650
4589
4519
4441
4356
4266
4173
4077
3982
3887
3796
3710
3630
3557
3494
3441
3399
3368
3349
3343
3348
3365
3393
3432
3480
3536
3598
3666
3738
3812
3886
3959
4029
4095
4155
4209
4254
4290
4317
4334
4341
4337
4324
4301
4270
4230
4184
4132
4076
4017
3957
3897
3839
3784
3733
3688
3650
3620
3598
3585
3581
3587
3602
3626
3658
3698
3745
3797
3853
3912
3973
4034
4094
4150
4203
4249
4290
4322
4346
4360
4365
4360
4345
4320
4286
4244
4194
4138
4076
4010
3941
3871
3802
3735
3671
3611
3558
3513
3475
3447
3429
3420
3423
3435
3457
3489
3530
3578
3634
3694
3759
3825
3893
3960
4025
4085
4141
4189
4230
4261
4282
4293
4293
4282
4259
4225
4182
4128
4066
3997
3922
3842
3759
3675
3591
3510
3432
3359
3294
3236
3188
3150
3124
3109
3106
3115
3136
3169
3212
3265
3327
3396
3472
3552
3635
3720
3804
3886
3965
4039
4107
4166
4218
4260
4292
4313
4324
4325
4315
4296
4268
4232
4190
4142
4090
4035
3979
3924
3870
3819
3773
3733
3699
3673
3655
3646
3645
3654
3672
3697
3731
3771
3817
3868
3923
3979
4036
4092
4145
4195
4240
4278
4309
4331
4344
4347
4340
4323
4295
4257
4210
4155
4091
4021
3946
3867
3785
3702
3620
3540
3463
3392
3326
3268
3218
3178
3147
3125
3115
3114
3122
3140
3165
3198
3237
3281
3328
3377
3426
3473
3517
3557
3591
3617
3635
3644
3642
3629
3605
3570
3524
3467
3400
3324
3240
3148
3052
2951
2848
2745
2642
2542
2447
2358
2276
2203
2140
2088
2048
2019
2003
2000
2008
2028
2058
2099
2148
2204
2267
2334
2404
2475
2546
2614
2679
2739
2793
2839
2877
2905
2924
2934
2933
2922
2902
2873
2836
2792
2743
2689
2632
2573
2514
2457
2403
2352
2308
2270
2239
2218
2205
2201
2208
2223
