U,V
4059,97
4082,97
4102,97
4119,97
4134,97
4147,97
4157,97
4166,97
4172,97
4176,97
4178,41
4179,97
4178,441
4176,441
4173,441
4169,441
4164,441
4159,441
4154,446
4148,446
4142,446
4137,3442
4132,3442
4128,3442
4125,3103
4123,3103
4122,3103
4122,3103
4123,3103
4126,3103
4130,3103
4136,3103
4143,3103
4152,3103
4162,2135
4174,2135
4187,2135
4202,2135
4217,2135
4234,2135
4251,4346
4269,4346
4288,2225
4307,2225
4326,4570
4345,4570
4364,4570
4383,2358
4400,2358
4417,2358
4433,4894
4447,4894
4460,4894
4471,4894
4481,4894
4488,5286
4493,5286
4495,2750
4496,14
4493,14
4488,14
4481,14
4471,14
4458,14
4442,14
4424,14
4403,14
4380,14
4355,14
4327,14
4297,14
4265,2149
4232,2149
4197,14
4161,14
4124,14
4086,14
4048,14
4009,14
3970,14
3932,14
3894,14
3857,14
3821,14
3786,14
3752,14
3720,2164
3690,2164
3662,14
3637,14
3613,14
3592,14
3574,14
3558,14
3545,14
3535,14
3527,14
3522,14
3520,14
3520,14
3523,14
3528,3198
3535,3198
3545,3198
3556,3198
3569,3198
3583,3198
3599,3198
3615,6034
3633,6034
3650,6034
3669,6034
3687,5712
3705,5712
3722,5712
3739,5712
3755,5712
3770,8448
3783,8448
3795,8448
3805,8448
3814,8448
3820,8448
3824,8448
3826,8448
3826,8448
3824,8448
3819,8448
3812,8448
3802,8448
3790,8448
3776,8448
3760,8448
3742,5612
3721,2750
3699,14
3676,14
3651,14
3625,14
3598,14
3570,14
3541,14
3512,14
3483,14
3454,14
3426,14
3397,14
3370,14
3343,3073
3318,3073
3293,3073
3271,3073
3249,3073
3230,3073
3212,3073
3196,5568
3182,5568
3169,5568
3159,5568
3151,5568
3145,2509
3140,2509
3138,5294
3137,5294
3138,5294
3140,2799
3144,2799
3149,5092
3155,5092
3162,2307
3169,2307
3177,4358
3186,4358
3194,2065
3202,2065
3210,4001
3217,4001
3223,1932
3228,1950
3233,1910
3236,3910
3237,1974
3237,1974
3235,1932
3231,3935
3225,1974
3218,1974
3208,1932
3196,3999
3182,2038
3166,2038
3149,2031
3129,4062
3108,2038
3085,2038
3060,2038
3034,2038
3007,2038
2979,2038
2950,2038
2920,2038
2890,5158
2860,5158
2831,3134
2801,3134
2773,4632
2745,4632
2718,1511
2693,1511
2670,1511
2648,1511
2628,3484
2611,3484
2596,1987
2584,1987
2575,1987
2568,3369
2565,3369
2564,3369
2567,6489
2573,6489
2582,3134
2594,3134
2609,3134
2628,3134
2649,14
2673,2703
2700,2703
2729,2703
2761,2703
2795,2703
2831,2703
2868,14
2907,2549
2947,2549
2989,2549
3030,2549
3073,2549
3116,2531
3158,14
3200,2876
3242,2876
3283,2876
3323,2876
3361,2876
3399,2876
3434,2876
3468,3443
3500,3443
3529,3443
3557,3443
3582,3443
3605,5494
3626,5494
3645,5494
3661,5494
3674,5036
3686,5036
3695,5036
3703,5077
3708,5077
3712,5077
3714,5077
3714,5077
3714,5077
3712,4621
3709,4621
3706,4621
3702,4621
3697,4621
3693,5529
3689,5529
3685,5529
3682,5529
3679,5529
3677,5529
3676,5529
3676,8500
3678,8500
3681,8500
3685,8500
3691,8500
3699,8500
3708,8500
3718,9137
3730,9137
3744,9137
3759,9137
3776,9137
3794,9137
3813,6137
3832,3165
3853,3138
3875,2038
3896,2012
3919,14
3941,14
3963,14
3985,14
4006,14
4027,14
4046,14
4064,14
4081,14
4097,14
4110,14
4122,14
4131,14
4138,14
4143,14
4146,14
4146,14
4143,14
4138,14
4130,41
4119,2149
4106,2149
4090,14
4072,14
4052,14
4029,14
4005,14
3978,14
3950,14
3920,14
3889,14
3857,14
3824,14
3791,14
3757,14
3723,37
3689,2135
3656,2135
3624,14
3592,14
3562,14
3533,14
3506,14
3480,14
3457,14
3435,14
3417,14
3400,14
3386,14
3375,14
3367,14
3361,14
3358,14
3357,2106
3360,2106
3365,2106
3372,4487
3382,4487
3394,4487
3408,4487
3425,4487
3443,4343
3462,4343
3483,4343
3505,4343
3528,4343
3551,1962
3575,1962
3599,1962
3623,4112
3647,4112
3669,4112
3691,2164
3712,2164
3732,2164
3751,5593
3767,5593
3782,5593
3795,5593
3806,6798
3814,6798
3821,6798
3825,6798
3827,6798
3826,6798
3823,6798
3818,6798
3810,6798
3801,6798
3789,6798
3775,6798
3760,6798
3742,6798
3724,6798
3704,6798
3683,6798
3661,6798
3638,6798
3615,3369
3592,14
3569,14
3546,14
3523,14
3501,14
3479,14
3459,14
3440,14
3422,2774
3406,2774
3391,2774
3378,2774
3367,2774
3358,2774
3351,2774
3345,2774
3342,5374
3340,5374
3340,5374
3343,5374
3347,4637
3352,4637
3359,4637
3368,4637
3378,3760
3388,3760
3400,3760
3412,1735
3425,1735
3438,5020
3451,5020
3464,5020
3477,3298
3489,3298
3501,3298
3511,5110
3520,5110
3528,5110
3535,5110
3539,1826
3543,1826
3544,1826
3543,4170
3540,4170
3536,4170
3529,5002
3520,5002
3509,5002
3496,5002
3480,5002
3464,5002
3445,5493
3425,5493
3403,5493
3380,5539
3356,5539
3331,5539
3305,5539
3279,5539
3252,5539
3226,4754
3199,4754
3174,4754
3149,2065
3125,2065
3102,5065
3081,5065
3062,5065
3045,3014
3029,3014
3016,5324
3006,5324
2998,5324
2993,2324
2991,2324
2992,2324
2996,2324
3004,2324
3014,5295
3027,5295
3044,2985
3063,2985
3085,2985
3110,2985
3138,6414
3168,6414
3201,6414
3236,6414
3272,6414
3311,6414
3351,6414
3392,6414
3434,6414
3477,6414
3520,6414
3564,5901
3608,5901
3651,2929
3694,2929
3736,5715
3776,5715
3816,5715
3854,5715
3891,5715
3925,2799
3958,2799
3989,2799
4017,2799
4044,5335
4067,5335
4089,5335
4108,5335
4125,5335
4139,5335
4151,5335
4160,5335
4168,5335
4173,2549
4177,2549
4179,14
4179,14
4178,14
4175,14
4172,14
4168,2135
4163,2135
4157,2135
4152,14
4146,14
4140,14
4135,14
4131,14
4127,14
4124,14
4122,14
4121,14
4122,14
4124,14
4127,14
4132,14
4138,14
4146,14
4155,2149
4166,2149
4178,14
4192,14
4207,14
4223,14
4240,14
4257,14
4276,14
4294,14
4314,14
4333,14
4352,14
4371,14
4389,14
4406,44
4423,2149
4438,2149
4452,14
4464,14
4475,14
4483,14
4490,14
4494,14
4496,14
4495,14
4492,14
4486,14
4478,14
4466,14
4453,14
4436,14
4417,2149
4395,2149
4371,2149
4345,14
4317,14
4286,14
4254,14
4220,14
4185,14
4148,14
4111,14
4073,14
4034,14
3996,14
3957,14
3919,14
3881,14
3844,2149
3808,2149
3774,14
3741,14
3710,14
3680,14
3653,14
3628,14
3606,14
3586,14
3568,14
3554,14
3541,14
3532,14
3525,14
3521,14
3520,14
3521,14
3525,2726
3530,2726
3538,2726
3548,2726
3560,2726
3574,2726
3588,2726
3604,2726
3621,5242
3639,5242
3657,5242
3675,5242
3693,5265
3711,5265
3728,5265
3745,5265
3760,8733
3775,8733
3788,8733
3799,8733
3809,8733
3816,6217
3822,6217
3825,6217
3827,6217
3826,6217
3822,6217
3817,6238
3808,5442
3798,1974
3785,14
3771,14
3754,14
3735,14
3714,14
3692,14
3668,14
3642,14
3616,14
3588,14
3560,14
3531,14
3502,14
3473,14
3444,14
3416,14
3388,33
3361,3443
3334,3443
3309,3443
3285,3443
3263,6728
3242,6728
3223,6728
3206,5626
3191,5626
3177,5626
3166,5626
3156,5591
3149,5591
3143,6180
3139,6180
3137,6180
3137,6180
3139,5292
3142,5292
3146,2376
3151,2376
3157,4483
3164,4483
3172,2131
3180,2120
3188,4081
3197,4081
3205,1974
3212,1974
3219,3863
3225,3863
3230,1903
3234,1903
3236,3815
3237,3815
3236,1926
3234,1926
3229,3887
3223,3887
3215,1974
3204,1974
3192,1974
3177,3973
3161,2012
3142,2012
3122,2012
3100,2012
3076,2012
3051,2012
3025,2012
2997,2012
2969,2012
2940,3773
2910,3773
2880,1774
2850,1774
2821,1774
2791,1774
2763,4774
2736,4774
2710,3014
2685,3014
2662,3014
2641,3014
2622,4784
2606,4784
2592,1784
2581,1784
2572,5214
2567,3443
2564,3443
2565,3443
2569,3014
2576,3014
2586,3014
2599,3014
2615,3014
2635,3014
2657,14
2682,2657
2710,2657
2740,2657
2772,2657
2807,2657
2843,2657
2881,14
2921,29
2961,2549
3003,2549
3045,2549
3088,2549
3130,2549
3173,14
3215,14
3256,14
3297,3165
3336,3165
3374,3133
3411,3165
3446,3165
3479,3165
3510,5190
3539,5190
3566,2038
3591,2038
3613,4049
3633,4049
3650,2025
3666,2025
3679,5084
3689,5084
3698,5084
3705,5238
3710,5238
3713,5238
3714,5238
3714,5238
3713,5238
3711,4489
3708,4489
3704,4489
3700,4489
3696,4489
3692,5036
3688,5036
3684,5036
3681,5036
3678,5036
3677,5036
3676,8036
3677,8036
3679,8036
3682,8036
3687,8036
3694,8036
3702,8036
3711,5726
3722,5726
3735,5726
3749,5726
3765,5726
3782,5726
3800,5726
3819,5799
3839,5799
3860,5799
3882,5799
3904,5799
3926,5799
3949,5799
3971,5799
3992,5799
4013,2799
4033,2799
4053,14
4070,14
4087,2106
4101,2106
4114,14
4125,14
4134,14
4140,14
4144,14
4146,14
4145,14
4141,14
4135,14
4126,14
4115,14
4101,14
4084,14
4066,14
4044,14
4021,14
3996,14
3969,2135
3940,2135
3910,14
3878,14
3846,14
3813,14
3779,14
3745,14
3711,14
3678,36
3645,14
3613,14
3581,14
3552,14
3523,14
3497,14
3472,14
3449,14
3429,14
3411,14
3395,14
3382,14
3372,2431
3364,2431
3359,2431
3357,5787
3358,5787
3361,5787
3367,5787
3375,5787
3386,5596
3399,5596
3414,5596
3431,5596
3449,5596
3469,2241
3490,2241
3513,2241
3536,4043
3560,4043
3583,4043
3607,1815
3631,1815
3654,1836
3677,4108
3699,4108
3719,4108
3739,5222
3756,5222
3773,5222
3787,5222
3799,5222
3809,5222
3817,5222
3822,5222
3826,5529
3827,5529
3825,5529
3821,5529
3815,5529
3807,5529
3797,5529
3784,5529
3770,5529
3754,5529
3736,2613
3717,2613
3697,14
3675,14
3653,14
3630,14
3607,14
3584,14
3561,14
3538,14
3515,14
3493,14
3472,14
3452,14
3434,14
3416,2680
3401,2680
3387,2680
3374,2680
3364,5155
3355,5155
3348,5155
3344,5155
3341,5155
3340,5155
3341,5155
3344,4554
3348,4554
3354,4554
3362,2078
3371,2078
3381,5470
3392,5470
3404,6690
3417,6690
3430,6690
3443,6690
3456,6515
3469,6515
3481,6698
3493,6698
3504,6698
3514,6698
3523,6698
3531,5359
3536,5359
3541,5359
3543,5359
3544,1891
3542,1891
3539,1891
3533,4387
3526,4387
3516,4387
3504,5222
3491,5222
3475,5222
3457,5222
3438,5222
3417,5222
3395,5537
3372,5537
3347,5537
3322,5299
3296,5299
3269,5299
3243,5299
3217,5299
3190,4401
3165,4401
3141,4401
3117,1926
3095,1926
3074,4736
3056,4736
3039,4736
3025,2824
3013,2824
3003,5035
2996,5035
2992,2225
2991,2225
2993,4223
2999,4223
3007,2012
3018,2012
3032,3696
3050,3696
3070,1698
3094,1698
3120,1698
3148,1698
3179,4850
3213,4850
3248,3165
3285,3165
3324,3165
3365,3165
3406,6557
3449,6557
3492,6557
3535,6557
3579,6557
3623,6835
3666,6835
3708,6835
3750,6835
3790,6279
3829,6279
3867,6279
3903,6279
3937,6279
3969,2850
3999,2850
4027,2850
4052,2850
4075,5712
4096,5712
4114,5712
4130,5712
4143,5712
4154,5712
4163,5712
4170,2876
4175,2876
4178,14
4179,14
4179,14
4177,14
4174,14
4171,14
4166,14
4161,14
4155,2120
4150,2120
4144,2120
4139,14
4134,14
4129,14
4126,14
4123,14
4122,14
4122,14
4123,14
4125,14
4129,14
4134,14
4141,14
4149,14
4159,14
4170,14
4183,14
4197,2120
4212,2120
4228,14
4246,14
4263,14
4282,14
4301,14
4320,14
4339,14
4358,14
4377,14
4395,14
4412,14
4428,14
4443,14
4456,14
4468,14
4478,14
4486,2135
4491,2135
4495,14
4496,14
4494,14
4490,14
4484,14
4474,14
4462,14
4447,14
4430,14
4410,14
4387,14
4363,14
4336,14
4306,14
4275,14
4242,14
4208,2135
4172,2135
4136,14
4098,14
4060,14
4021,14
3982,14
3944,14
3906,14
3868,14
3832,14
3796,14
3762,14
3730,14
3699,14
3671,14
3644,14
3620,14
3599,14
3579,14
3563,2051
3549,2051
3538,2051
3529,14
3524,14
3521,14
3520,14
3522,14
3526,14
3533,2680
3542,2680
3552,2680
3565,2680
3578,5392
3594,5392
3610,5392
3627,5392
3645,7737
3663,7737
3681,5071
3699,5071
3717,5071
3734,5071
3750,5024
3765,5024
3779,5024
3792,5024
3802,5024
3811,5416
3818,5416
3823,5416
3826,5416
3827,5416
3825,5416
3821,5416
3814,5416
3805,5416
3794,5416
3781,5416
3765,5416
3747,5416
3728,5416
3706,5416
3683,2750
3659,14
3633,14
3606,14
3579,14
3550,14
3521,14
3492,14
3463,14
3435,14
3406,14
3378,14
3351,2469
3326,2469
3301,2469
3277,2469
3256,2469
3235,2469
3217,2469
3200,4868
3186,4868
3173,4868
3162,4868
3153,4868
3146,2413
3142,2413
3138,5125
3137,5125
3138,2726
3139,2726
3143,5019
3147,5019
3153,5019
3160,2307
3167,2307
3175,2307
3183,2307
3191,2307
3199,2307
3207,2307
3215,2307
3221,2307
3227,4617
3232,4617
3235,2324
3237,2324
3237,4190
3236,4190
3232,1880
3227,1880
3220,1832
3211,3804
3200,1938
3187,1938
3172,1938
3154,1938
3135,1938
3114,1938
3092,1938
4240,1938
4269,1938
4287,4103
4294,4103
4291,2179
4276,2179
4250,2179
4213,2179
4166,2179
4110,5608
4046,5608
3974,5608
3897,3443
3817,3443
3733,6359
3649,6359
3566,6359
3485,2929
3409,2929
3338,2929
3275,5385
3220,5385
3175,5385
3141,5255
3118,5255
3107,5255
3108,5255
3120,5255
3145,5255
3181,4850
3227,4850
3283,4850
3348,2065
3419,2065
3496,4953
3578,4953
3661,4953
3746,2902
3830,2902
3911,5713
3989,5713
4061,5944
4126,5944
4183,5944
4232,5944
4271,5944
4299,5284
4318,5284
4325,5243
4323,5556
4310,5556
4288,5556
4258,5556
4220,5556
4176,5556
4126,5556
4073,5556
4018,5556
3962,5556
3907,5539
3854,5126
3805,1726
3760,14
3722,14
3690,14
3666,14
3651,14
3645,14
3647,14
3659,14
3679,14
3707,14
3743,14
3785,14
3833,14
3885,14
3940,14
3997,14
4053,14
4109,14
4161,14
4210,14
4252,3406
4288,3406
4317,3406
4336,14
4346,14
4346,14
4336,14
4315,14
4284,14
4244,14
4194,14
4136,14
4070,14
3999,14
3922,14
3842,14
3759,14
3677,14
3595,2120
3516,2120
3441,2120
3371,14
3307,14
3252,14
3205,14
3167,14
3139,14
3121,14
3113,14
3115,14
3127,14
3147,14
3175,14
3210,14
3251,14
3295,3165
3343,3165
3392,3165
3441,5301
3487,5301
3530,5301
3568,5301
3600,5617
3624,5617
3639,5617
3644,5617
3639,5617
3623,3481
3596,3481
3557,3481
3508,6017
3447,6017
3378,6017
3299,5608
3212,5608
3119,5608
3021,5608
2919,5608
2816,5809
2713,5809
2611,5809
2512,4761
2419,4761
2332,4761
2253,4761
2183,5084
2123,5084
2075,5084
2038,3073
2013,3073
2001,5316
2001,5316
2013,2257
2036,2257
2070,3969
2113,3969
2164,1726
2223,1726
2287,1726
2355,1726
2426,3687
2497,3687
2567,1974
2635,1974
2698,1974
2756,3073
2808,3073
2852,3073
2887,3073
2912,3073
2928,2680
2934,2680
2930,2680
2917,2680
2894,2680
2862,2680
2823,14
2777,14
2726,14
2671,2509
2614,2509
2555,2509
2496,2509
2440,2509
2387,2509
2338,14
2295,14
2259,14
2232,14
2213,14
2203,14
2202,14
2212,14
2230,2149
2258,2122
2295,2149
2339,2149
2390,2149
2447,2149
2509,2149
2574,2149
2640,2149
2707,2149
2772,2149
2835,2149
2894,3230
2948,3230
2995,3230
3034,3230
3065,3230
3087,3230
3100,5667
3103,5667
3096,5667
3080,5667
3054,5667
3021,5667
2980,5667
2932,5667
2880,5667
2823,5667
2764,5667
2704,5667
2645,5667
2587,5667
2534,2450
2485,2450
2442,14
2407,2489
2381,2489
2363,2489
2356,2489
2359,2489
2373,2489
2397,14
2431,14
2475,14
2528,14
2589,14
2656,14
2729,14
2807,14
2887,14
2967,14
3048,14
3126,14
3200,14
3269,14
3332,14
3387,14
3432,14
3468,14
3494,14
3508,2273
3512,2273
3504,2273
3486,2273
3457,2273
3419,2273
3373,14
3319,3264
3259,3264
3195,3264
3128,3264
3059,3264
2991,3264
2926,5627
2864,5627
2807,2376
2758,2376
2716,2376
2685,2376
2663,5466
2653,5466
2654,3103
2668,3103
2694,3103
2731,3103
2781,5224
2841,5224
2911,2135
2989,2135
3076,2135
3168,5164
3266,6510
3366,6510
3468,6510
3570,6873
3669,6873
3766,3406
3857,3406
3942,3406
4020,3406
4089,3406
4148,3443
4198,3443
4237,3443
4266,3443
4284,6386
4292,6386
4291,6386
4281,6386
4263,6386
4238,6386
4208,5767
4174,5767
4137,2824
4098,2824
4060,2824
4024,5169
3991,5169
3962,5169
3939,5169
3922,5194
3913,5194
3912,5194
3920,5194
3937,5194
3963,5194
3997,5194
4040,5194
4090,5194
4148,2850
4211,14
4278,14
4349,14
4422,14
4496,14
4569,14
4639,14
4705,14
4766,14
4821,14
4868,14
4907,14
4936,14
4955,14
4964,2135
4962,2135
4950,14
4929,14
4897,14
4857,14
4809,14
4754,14
4694,14
4630,14
4563,14
4494,14
4427,14
4361,14
4298,14
4241,14
4189,14
4145,41
4109,2135
4081,2135
4063,14
4056,14
4058,14
4069,14
4091,14
4121,14
4159,14
4204,14
4255,14
4311,14
4370,14
4430,14
4491,14
4550,14
4605,14
4656,14
4701,2135
4738,2135
4767,2135
4786,14
4794,14
4792,14
4778,14
4753,14
4716,14
4669,14
4611,14
4544,14
4469,14
4386,14
4298,14
4205,14
4110,14
4014,14
3919,35
3827,2135
3739,2135
3657,14
3581,14
3515,14
3458,14
3412,14
3377,14
3354,14
3344,14
3345,14
3358,14
3382,14
3417,14
3462,14
3515,14
3576,3198
3642,3198
3713,3198
3786,3198
3860,3198
3934,3198
4005,3198
4073,5319
4135,5319
4191,5319
4239,5319
4279,5286
4309,5286
4330,5286
4340,5286
4340,5286
4330,5286
4310,5286
4281,5286
4245,5286
4201,5286
4151,5286
4096,5286
4038,3165
3978,14
3918,14
3859,14
3803,14
3750,14
3703,14
3662,14
3629,14
3604,14
3588,14
3581,14
3584,14
3595,14
3616,14
3646,14
3683,14
3728,14
3778,14
3833,14
3892,14
3952,3134
4013,3134
4073,3134
4131,3134
4185,3134
4234,3134
4277,3134
4312,3134
4338,3134
4356,3134
4364,3134
4363,3134
4351,3134
4330,3134
4299,14
4260,14
4212,14
4158,2106
4098,2106
4033,14
3965,14
3895,14
3826,14
3757,14
3692,14
3631,14
3576,14
3527,14
3487,14
3456,14
3434,14
3422,14
3421,14
3430,14
3449,14
3477,14
3515,14
3561,14
3614,2799
3673,2799
3736,2799
3802,2799
3870,2799
3937,2799
4003,2799
4065,2799
4122,2799
4173,5858
4217,5858
4251,5858
4276,5858
4291,5858
4294,5858
4287,5858
4268,5858
4238,5858
4198,5858
4148,5858
4089,5858
4022,5858
3948,5858
3870,3073
3788,3073
3704,14
3620,2106
3537,2106
3458,14
3384,14
3315,14
3255,14
3204,14
3162,14
3132,14
3113,14
3106,14
3111,14
3128,14
3156,14
3196,14
3246,14
3305,14
3372,3073
3445,3073
3524,3073
3606,5179
3691,5179
3775,5179
3858,5179
3939,5179
4014,3998
4084,3998
4147,3998
4201,3998
4246,1891
4282,1891
4307,1891
4321,5176
4326,5176
4319,5176
4304,5176
4279,5176
4246,6059
4205,6059
4159,6059
4108,2774
4054,14
3999,14
3943,14
3888,14
3836,14
3789,14
3746,14
3710,14
3681,14
3660,14
3648,14
3644,14
3650,14
3665,14
3688,14
3718,14
3757,14
3801,14
3850,14
3904,14
3959,14
4016,14
4073,14
4127,14
4179,14
4225,14
4266,14
4299,14
4324,14
4341,14
4347,14
4344,14
4330,69
4306,2469
4272,2469
4228,14
4175,14
4114,14
4046,40
3973,14
3895,14
3814,14
3731,14
3648,14
3567,14
3489,14
3416,14
3348,14
3287,14
3234,14
3191,14
3156,14
3132,14
3117,14
3113,14
3118,14
3133,14
3156,2290
3186,2290
3223,2290
3266,5179
3312,5179
3360,5179
3409,5179
3457,5179
3503,4736
3544,4736
3580,4736
3609,1847
3630,1847
3642,1847
3644,3618
3635,3618
3615,3618
3584,3618
3541,1784
3488,1784
3424,1784
3351,4700
3270,4700
3181,4700
3086,5818
2986,5818
2884,5818
2780,5818
2677,5818
2576,5818
2479,4875
2388,4875
2304,4875
2227,1987
2161,1987
2105,4676
2061,4676
2028,4676
2008,2703
2000,2703
2004,4651
2019,4651
2046,1962
2084,1962
2130,1962
2184,1962
2245,4798
2310,4798
2379,2850
2450,2850
2521,2850
2591,5539
2657,5539
2719,2703
2775,5703
2824,5703
2865,3014
2897,3014
2919,3014
2932,2680
2934,2680
2927,2680
2910,2680
2884,2680
2850,2680
2808,14
2760,14
2708,14
2652,2489
2593,2489
2534,2489
2477,2489
2421,2489
2369,2489
2322,14
2282,14
2249,14
2224,14
2208,14
2201,14
2204,14
2217,14
2239,14
2270,14
2309,14
2356,14
2409,14
2468,14
2531,14
2596,14
2663,14
2730,14
2794,2902
2856,2902
2913,2902
2965,2902
3009,2902
3046,2902
3074,5179
3093,5179
3102,5179
3101,5179
3091,5179
3072,5179
3044,5179
3008,5179
2964,5179
2915,5179
2861,4156
2803,4156
2743,1880
2683,1880
2625,1880
2568,1880
2516,14
2469,14
2429,14
2397,14
2374,14
2360,2376
2356,2376
2363,2376
2380,2376
2408,2376
2445,2376
2492,14
2548,14
2611,14
2681,14
2756,14
2834,14
2914,14
2995,14
3075,14
3152,14
3225,14
3292,14
3352,14
3404,14
3446,14
3478,14
3500,14
3511,14
3510,14
3499,14
3477,14
3445,2750
3404,2750
3355,2750
3299,2750
3237,2750
3172,2750
3104,2750
3036,2750
2968,1938
2904,1938
2844,1938
2789,1938
2742,4800
2704,4800
2676,4800
2658,4800
2652,4800
2658,4800
2676,5041
2705,5041
2747,2179
2800,2179
2864,2179
2937,5238
3018,5238
3107,3073
3202,6465
3300,6465
3401,3406
3503,6761
3604,6761
3703,3369
3798,3369
3887,3369
3970,3369
4044,3369
4110,3043
4166,3043
4213,3043
4248,3043
4273,5479
4288,5479
4293,5479
4289,5479
4276,5479
4255,5479
4228,5479
4197,5479
4161,5479
4123,5918
4085,5918
4047,5918
4012,5976
3980,5976
3953,5976
3932,5976
3918,5976
3912,5976
3914,5976
3925,5976
3945,5976
3974,5976
4011,5976
4057,5976
4109,5976
4169,5976
4234,5971
4303,1476
4374,1476
4448,14
4521,14
4593,14
4662,14
4727,14
4786,14
4838,14
4882,14
4918,14
4943,14
4959,14
4965,14
4959,14
4944,14
4919,14
4884,14
4841,14
4791,2135
4734,2135
4672,2135
4607,14
4539,14
4471,14
4404,14
4339,14
4278,14
4222,14
4173,14
4131,14
4098,14
4074,14
4060,14
4055,14
4060,14
4076,14
4100,14
4133,2135
4174,2135
4221,14
4274,14
4331,14
4391,14
4451,14
4511,14
4569,14
4623,14
4672,14
4715,14
4749,14
4775,14
4790,14
4795,14
4788,14
4771,47
4742,2120
4701,2120
4650,14
4589,14
4519,14
4441,14
4356,14
4266,14
4173,41
4077,14
3982,14
3887,14
3796,14
3710,14
3630,14
3557,14
3494,14
3441,14
3399,14
3368,14
3349,2065
3343,2065
3348,2065
3365,2065
3393,2065
3432,14
3480,14
3536,14
3598,14
3666,14
3738,2290
3812,2290
3886,2290
3959,2290
4029,4583
4095,4583
4155,4583
4209,4583
4254,4583
4290,7612
4317,5336
4334,5336
4341,5336
4337,5336
4324,5336
4301,5336
4270,5342
4230,1805
4184,1805
4132,14
4076,14
4017,14
3957,14
3897,14
3839,14
3784,14
3733,14
3688,14
3650,14
3620,14
3598,14
3585,14
3581,14
3587,14
3602,14
3626,14
3658,14
3698,14
3745,14
3797,14
3853,14
3912,3103
3973,3103
4034,3103
4094,3103
4150,3103
4203,3103
4249,3103
4290,3103
4322,3103
4346,3103
4360,3103
4365,3103
4360,3103
4345,3103
4320,14
4286,14
4244,14
4194,14
4138,14
4076,14
4010,14
3941,14
3871,14
3802,14
3735,2120
3671,2120
3611,2120
3558,14
3513,14
3475,14
3447,14
3429,14
3420,14
3423,14
3435,14
3457,14
3489,14
3530,14
3578,14
3634,14
3694,14
3759,14
3825,14
3893,14
3960,2489
4025,2489
4085,2489
4141,2489
4189,5881
4230,5881
4261,5881
4282,5881
4293,5881
4293,5881
4282,5881
4259,5881
4225,5881
4182,5881
4128,5881
4066,5881
3997,3406
3922,14
3842,14
3759,14
3675,14
3591,14
3510,14
3432,14
3359,14
3294,14
3236,14
3188,14
3150,14
3124,14
3109,14
3106,14
3115,14
3136,14
3169,2902
3212,2902
3265,2902
3327,6054
3396,6054
3472,6054
3552,6054
3635,6054
3720,6054
3804,5021
3886,5021
3965,5021
4039,1869
4107,1869
4166,1869
4218,3961
4260,3961
4292,3961
4313,5022
4324,5022
4325,5022
4315,5022
4296,5022
4268,5022
4232,5022
4190,5022
4142,5022
4090,5022
4035,5022
3979,5022
3924,5022
3870,1716
3819,1716
3773,14
3733,14
3699,14
3673,14
3655,14
3646,14
3645,14
3654,14
3672,14
3697,14
3731,14
3771,14
3817,14
3868,14
3923,14
3979,14
4036,14
4092,14
4145,3333
4195,3333
4240,3333
4278,14
4309,43
4331,14
4344,14
4347,14
4340,14
4323,14
4295,14
4257,14
4210,14
4155,14
4091,14
4021,14
3946,14
3867,14
3785,14
3702,14
3620,14
3540,2120
3463,2120
3392,14
3326,14
3268,14
3218,14
3178,14
3147,14
3125,14
3115,14
3114,14
3122,14
3140,14
3165,14
3198,14
3237,14
3281,3165
3328,3165
3377,3165
3426,5272
3473,5272
3517,5272
3557,5272
3591,5272
3617,3881
3635,3881
3644,3881
3642,1774
3629,1774
3605,1774
3570,4102
3524,4102
3467,4102
3400,5312
3324,5312
3240,5312
3148,5312
3052,5312
2951,5312
2848,5542
2745,5542
2642,5542
2542,5542
2447,4569
2358,4569
2276,4569
2203,4955
2140,4955
2088,4955
2048,2957
2019,2957
2003,5137
2000,5137
2008,2194
2028,2194
2058,2194
2099,3906
2148,1726
2204,1726
2267,1726
2334,1726
2404,1724
2475,3712
2546,1999
2614,1999
2679,1999
2739,3103
2793,3103
2839,3103
2877,3103
2905,3103
2924,3103
2934,14
2933,2635
2922,2635
2902,2635
2873,2635
2836,2635
2792,2635
2743,14
2689,29
2632,2529
2573,2529
2514,2529
2457,2529
2403,2529
2352,14
2308,14
2270,14
2239,14
2218,14
2205,14
2201,14
2208,14
2223,14
