U,V
4059,0
4082,0
4102,0
4119,0
4134,7
4147,7
4157,230
4166,1132
4172,1594
4176,2721
4178,3551
4179,4205
4178,4802
4176,5504
4173,6062
4169,6348
4164,6450
4159,6540
4154,6525
4148,6571
4142,6586
4137,6555
4132,6570
4128,6540
4125,5155
4123,6570
4122,6555
4122,6570
4123,6540
4126,6555
4130,6571
4136,6540
4143,6571
4152,6540
4162,6555
4174,6541
4187,6525
4202,6540
4217,6540
4234,6555
4251,6540
4269,6540
4288,6555
4307,6540
4326,6525
4345,6525
4364,6525
4383,6510
4400,6510
4417,6510
4433,6525
4447,6544
4460,6510
4471,6540
4481,6525
4488,6510
4493,6525
4495,6495
4496,6510
4493,6525
4488,6510
4481,6495
4471,6540
4458,6525
4442,6495
4424,6495
4403,6525
4380,6495
4355,6495
4327,6525
4297,6495
4265,6480
4232,6495
4197,6495
4161,6525
4124,6480
4086,6495
4048,6495
4009,6510
3970,6495
3932,6480
3894,6510
3857,6495
3821,6480
3786,6450
3752,6377
3720,6306
3690,6194
3662,6113
3637,6022
3613,5946
3592,5883
3574,5822
3558,5751
3545,5692
3535,5658
3527,5591
3522,5547
3520,5525
3520,5503
3523,5503
3528,5503
3535,5503
3545,5503
3556,5514
3569,5558
3583,5569
3599,5580
3615,5647
3633,5669
3650,5739
3669,5775
3687,5810
3705,5883
3722,5920
3739,5937
3755,6022
3770,6074
3783,6113
3795,6167
3805,6222
3814,6263
3820,6263
3824,6305
3826,6334
3826,6338
3824,6348
3819,6348
3812,6362
3802,6362
3790,6291
3776,6305
3760,6277
3742,6236
3721,6181
3699,6140
3676,6113
3651,6061
3625,5983
3598,5896
3570,5859
3541,5763
3512,5704
3483,5602
3454,5514
3426,5418
3397,5356
3370,5247
3343,5169
3318,5085
3293,5022
3271,4934
3249,4857
3230,4791
3212,4711
3196,4641
3182,4572
3169,4521
3159,4599
3151,4436
3145,4531
3140,4460
3138,4326
3137,4411
3138,4293
3140,4391
3144,3519
3149,4383
3155,4293
3162,4313
3169,4425
3177,4333
3186,4461
3194,4380
3202,4422
3210,4524
3217,4464
3223,4485
3228,4621
3233,4542
3236,4550
3237,4565
3237,4699
3235,4587
3231,4587
3225,4587
3218,4595
3208,4674
3196,4557
3182,4528
3166,4513
3149,4569
3129,4422
3108,4497
3085,4326
3060,4260
3034,3483
3007,4245
2979,4081
2950,4122
2920,4056
2890,3889
2860,3898
2831,3851
2801,3788
2773,3728
2745,3655
2718,3585
2693,3523
2670,3465
2648,3426
2628,3343
2611,3268
2596,3226
2584,3158
2575,3122
2568,3073
2565,3011
2564,2964
2567,2942
2573,2912
2582,2885
2594,2865
2609,2847
2628,2847
2649,2847
2673,2853
2700,2876
2729,2909
2761,2933
2795,2995
2831,3041
2868,3114
2907,3218
2947,3294
2989,3426
3030,3560
3073,3706
3116,3816
3158,3968
3200,4064
3242,4289
3283,4353
3323,4506
3361,4738
3399,4767
3434,4899
3468,5058
3500,5141
3529,5256
3557,5377
3582,5460
3605,5569
3626,5613
3645,5692
3661,4603
3674,5810
3686,5859
3695,4683
3703,5958
3708,5983
3712,6022
3714,6022
3714,6035
3714,6035
3712,6061
3709,6061
3706,6035
3702,6061
3697,6022
3693,6022
3689,5996
3685,5983
3682,5996
3679,5971
3677,5958
3676,5958
3676,5946
3678,5946
3681,5946
3685,5946
3691,5933
3699,5945
3708,5983
3718,6009
3730,6009
3744,6035
3759,6074
3776,6100
3794,6140
3813,6194
3832,6222
3853,6263
3875,6319
3896,6377
3919,6450
3941,6435
3963,6480
3985,6465
4006,6465
4027,6480
4046,6495
4064,6465
4081,6480
4097,6440
4110,6465
4122,6480
4131,6465
4138,6450
4143,6480
4146,6465
4146,6465
4143,6480
4138,6480
4130,6450
4119,5091
4106,6495
4090,6450
4072,6450
4052,6465
4029,6435
4005,6435
3978,5089
3950,6480
3920,6480
3889,6450
3857,6450
3824,6435
3791,6392
3757,6348
3723,6250
3689,6140
3656,6100
3624,5983
3592,5908
3562,5822
3533,5751
3506,5635
3480,5569
3457,5461
3435,5408
3417,5326
3400,5276
3386,5208
3375,5150
3367,5094
3361,5058
3358,5040
3357,5004
3360,4995
3365,4977
3372,4977
3382,5004
3394,5022
3408,5040
3425,5067
3443,5094
3462,5151
3483,5217
3505,5266
3528,5326
3551,5387
3575,5460
3599,5514
3623,5569
3647,5624
3669,5727
3691,5798
3712,5846
3732,5837
3751,5971
3767,6048
3782,6087
3795,6127
3806,6194
3814,6208
3821,6222
3825,6263
3827,6319
3826,6319
3823,6334
3818,6319
3810,6334
3801,6306
3789,6319
3775,6277
3760,6222
3742,6180
3724,6140
3704,6113
3683,6061
3661,6009
3638,5958
3615,5871
3592,5846
3569,5798
3546,5716
3523,5635
3501,5591
3479,5503
3459,5460
3440,5366
3422,5316
3406,5266
3391,5208
3378,5150
3367,5122
3358,4097
3351,5031
3345,4995
3342,4968
3340,4942
3340,4925
3343,4916
3347,4925
3352,4925
3359,4925
3368,4942
3378,4010
3388,4986
3400,5013
3412,5058
3425,5085
3438,5122
3451,5150
3464,5198
3477,5227
3489,5286
3501,5316
3511,5346
3520,5335
3528,5408
3535,5429
3539,5460
3543,5503
3544,5514
3543,5514
3540,5514
3536,5525
3529,5536
3520,5492
3509,5492
3496,5461
3480,5439
3464,5418
3445,5356
3425,5336
3403,5266
3380,5217
3356,5160
3331,5085
3305,5004
3279,4951
3252,4848
3226,4774
3199,4687
3174,4748
3149,4550
3125,4478
3102,4519
3081,4426
3062,4254
3045,4291
3029,4227
3016,4070
3006,4127
2998,4073
2993,3938
2991,3986
2992,3963
2996,3936
3004,3925
3014,3842
3027,3936
3044,3935
3063,3963
3085,4003
3110,3978
3138,4108
3168,4131
3201,4271
3236,4315
3272,4353
3311,4485
3351,4618
3392,4818
3434,4840
3477,5013
3520,5122
3564,5256
3608,5408
3651,5525
3694,5647
3736,5751
3776,5871
3816,6022
3854,6113
3891,6236
3925,6319
3958,6391
3989,6421
4017,6450
4044,6450
4067,6435
4089,6465
4108,6450
4125,6435
4139,6450
4151,6450
4160,6435
4168,6441
4173,6465
4177,6435
4179,6465
4179,6465
4178,6435
4175,5074
4172,6450
4168,6435
4163,6435
4157,6450
4152,6450
4146,6435
4140,6435
4135,6435
4131,6435
4127,5074
4124,6450
4122,6435
4121,6435
4122,6435
4124,6450
4127,6421
4132,6450
4138,6450
4146,6435
4155,6435
4166,6450
4178,6421
4192,6406
4207,6435
4223,6421
4240,6421
4257,6435
4276,6435
4294,6406
4314,6421
4333,6435
4352,6421
4371,6406
4389,6435
4406,6421
4423,6421
4438,6421
4452,6435
4464,6435
4475,6406
4483,6435
4490,6435
4494,6421
4496,6406
4495,6435
4492,6406
4486,6435
4478,6435
4466,6406
4453,6406
4436,6421
4417,6435
4395,6435
4371,6421
4345,6435
4317,6435
4286,6406
4254,6392
4220,6406
4185,6441
4148,6391
4111,5043
4073,6406
4034,6406
3996,6406
3957,6406
3919,6406
3881,6406
3844,6391
3808,6392
3774,6334
3741,6263
3710,6153
3680,6061
3653,5996
3628,5945
3606,5846
3586,5786
3568,5727
3554,5670
3541,5613
3532,5547
3525,5525
3521,5482
3520,5471
3521,5450
3525,5439
3530,5439
3538,5439
3548,5450
3560,5471
3574,5482
3588,5536
3604,5558
3621,5569
3639,5613
3657,5693
3675,5739
3693,5763
3711,5822
3728,5883
3745,5920
3760,5996
3775,6022
3788,6087
3799,6113
3809,6153
3816,6180
3822,6208
3825,6236
3827,6277
3826,6291
3822,6306
3817,6277
3808,6305
3798,6263
3785,6222
3771,6208
3754,6180
3735,6153
3714,6127
3692,6036
3668,5996
3642,5996
3616,5896
3588,5822
3560,5739
3531,5692
3502,5569
3473,5492
3444,4351
3416,5356
3388,5237
3361,5170
3334,5094
3309,5004
3285,4925
3263,4857
3242,4774
3223,4732
3206,4633
3191,4572
3177,4506
3166,4570
3156,4429
3149,4431
3143,4448
3139,4320
3137,4399
3137,3504
3139,4365
3142,4248
3146,4350
3151,4254
3157,4343
3164,4273
3172,4384
3180,4313
3188,4425
3197,4353
3205,4380
3212,4518
3219,4436
3225,4457
3230,4569
3234,4492
3236,4513
3237,4542
3236,4651
3234,4550
3229,4550
3223,3038
3215,3723
3204,4521
3192,4492
3177,4600
3161,4450
3142,4401
3122,4461
3100,4306
3076,4371
3051,4191
3025,4240
2997,4064
2969,4109
2940,4032
2910,3976
2880,3810
2850,3835
2821,3767
2791,3708
2763,3645
2736,3581
2710,2974
2685,3470
2662,3398
2641,3326
2622,3290
2606,3216
2592,3175
2581,3112
2572,3068
2567,3016
2564,2970
2565,2924
2569,2900
2576,2867
2586,2842
2599,2824
2615,2818
2635,2815
2657,2824
2682,2832
2710,2865
2740,2891
2772,2924
2807,2985
2843,3044
2881,3128
2921,3201
2961,3320
3003,3447
3045,3592
3088,3720
3130,3869
3173,3996
3215,4088
3256,4308
3297,4374
3336,4535
3374,4687
3411,4877
3446,4960
3479,5031
3510,5160
3539,5246
3566,5367
3591,5450
3613,5536
3633,5602
3650,5669
3666,4568
3679,5751
3689,5810
3698,5871
3705,5883
3710,5908
3713,5937
3714,5996
3714,5983
3713,5996
3711,5996
3708,5996
3704,5983
3700,5971
3696,5971
3692,5958
3688,5946
3684,5945
3681,5908
3678,5920
3677,5920
3676,5883
3677,5883
3679,5883
3682,5871
3687,5871
3694,5883
3702,5908
3711,5920
3722,5933
3735,5983
3749,6009
3765,6061
3782,6074
3800,6140
3819,6153
3839,6222
3860,6277
3882,6291
3904,6319
3926,6348
3949,6406
3971,6406
3992,6406
4013,6392
4033,6406
4053,6406
4070,6406
4087,6421
4101,6406
4114,6391
4125,6391
4134,6435
4140,6435
4144,6391
4146,6391
4145,6435
4141,6441
4135,6421
4126,6435
4115,6435
4101,6406
4084,6435
4066,6406
4044,6391
4021,6421
3996,6406
3969,6421
3940,6377
3910,6421
3878,6406
3846,6406
3813,6377
3779,6334
3745,6263
3711,2420
3678,6153
3645,6100
3613,5971
3581,5859
3552,5751
3523,5681
3497,5580
3472,5482
3449,5408
3429,5346
3411,5266
3395,5208
3382,5141
3372,5085
3364,5031
3359,4995
3357,4977
3358,4960
3361,4942
3367,4942
3375,4951
3386,4951
3399,4977
3414,4995
3431,5040
3449,5085
3469,5122
3490,5160
3513,5246
3536,5276
3560,5356
3583,5429
3607,5436
3631,4433
3654,5624
3677,5681
3699,5763
3719,5810
3739,5883
3756,5958
3773,6009
3787,6048
3799,6127
3809,6140
3817,6180
3822,6208
3826,6250
3827,6277
3825,6291
3821,6306
3815,6277
3807,6305
3797,6263
3784,6249
3770,6222
3754,6194
3736,6137
3717,6127
3697,6074
3675,6036
3653,5996
3630,5958
3607,4669
3584,5810
3561,5704
3538,5669
3515,5569
3493,5525
3472,5450
3452,5408
3434,5326
3416,5276
3401,5208
3387,5150
3374,5113
3364,5076
3355,5022
3348,4995
3344,4951
3341,4934
3340,4899
3341,4899
3344,4899
3348,4891
3354,4891
3362,4899
3371,4908
3381,4925
3392,4951
3404,4968
3417,5013
3430,5040
3443,5085
3456,5122
3469,5169
3481,5208
3493,5266
3504,5296
3514,5326
3523,5367
3531,5387
3536,5419
3541,4353
3543,5460
3544,4377
3542,5492
3539,5492
3533,5471
3526,5482
3516,5482
3504,5460
3491,5429
3475,5418
3457,5334
3438,5326
3417,5306
3395,5227
3372,5160
3347,5094
3322,5040
3296,4960
3269,4899
3243,4815
3217,4742
3190,4656
3165,4572
3141,4608
3117,4526
3095,4333
3074,4371
3056,4204
3039,4239
3025,4175
3013,4114
3003,4073
2996,4032
2992,3227
2991,3947
2993,3925
2999,3914
3007,3897
3018,3897
3032,3826
3050,3930
3070,3946
3094,3992
3120,4025
3148,4113
3179,4168
3213,4178
3248,4355
3285,4367
3324,4499
3365,4697
3406,4711
3449,4848
3492,4969
3535,5141
3579,5256
3623,5367
3666,5536
3708,5658
3750,5763
3790,5896
3829,6022
3867,6127
3903,6236
3937,6305
3969,6377
3999,6391
4027,6421
4052,6421
4075,6391
4096,6391
4114,6435
4130,6421
4143,6391
4154,6435
4163,6406
4170,6406
4175,6406
4178,6406
4179,6450
4179,6406
4177,6406
4174,6421
4171,6391
4166,6406
4161,6421
4155,6421
4150,6391
4144,6391
4139,6392
4134,6406
4129,6391
4126,5043
4123,6406
4122,6406
4122,6391
4123,6392
4125,6406
4129,6391
4134,6391
4141,6392
4149,6406
4159,6391
4170,6391
4183,6406
4197,6406
4212,6391
4228,6391
4246,6406
4263,6406
4282,6391
4301,6406
4320,6406
4339,6391
4358,6391
4377,6392
4395,6406
4412,6406
4428,6391
4443,6406
4456,6406
4468,6391
4478,6391
4486,6391
4491,6406
4495,6377
4496,5043
4494,6406
4490,6406
4484,6391
4474,6392
4462,6377
4447,6391
4430,6377
4410,6406
4387,6406
4363,6391
4336,6362
4306,6392
4275,6391
4242,6362
4208,6377
4172,6391
4136,6406
4098,6377
4060,6377
4021,6391
3982,6377
3944,6362
3906,6348
3868,6392
3832,6406
3796,6348
3762,6277
3730,6222
3699,6127
3671,6035
3644,5958
3620,4646
3599,5798
3579,5763
3563,5658
3549,5613
3538,5547
3529,5503
3524,5471
3521,5450
3520,5429
3522,5419
3526,5408
3533,5419
3542,5408
3552,5418
3565,5461
3578,5471
3594,5514
3610,5536
3627,5580
3645,5602
3663,5647
3681,5716
3699,5775
3717,5810
3734,5871
3750,5920
3765,6009
3779,6035
3792,6087
3802,6113
3811,6153
3818,6167
3823,6194
3826,6222
3827,6250
3825,6277
3821,6291
3814,6305
3805,6277
3794,6222
3781,6180
3765,6180
3747,6140
3728,6113
3706,6061
3683,6022
3659,5971
3633,5908
3606,5834
3579,5798
3550,5716
3521,5613
3492,5547
3463,5450
3435,5367
3406,5296
3378,5198
3351,5132
3326,5040
3301,4960
3277,4873
3256,4799
3235,4726
3217,4656
3200,4587
3186,4535
3173,4592
3162,4429
3153,4496
3146,4346
3142,4300
3138,4385
3137,4254
3138,4365
3139,4229
3143,4323
3147,4228
3153,4330
3160,4235
3167,4350
3175,4273
3183,4384
3191,4313
3199,4440
3207,4366
3215,4394
3221,4518
3227,4443
3232,4471
3235,4584
3237,4506
3237,4513
3236,4629
3232,4644
3227,4542
3220,4528
3211,4615
3200,4499
3187,4464
3172,4531
3154,4533
3135,4394
3114,4448
3092,4280
4240,4323
4269,4197
4287,4423
4294,4705
4291,5258
4276,5693
4250,6100
4213,6250
4166,6348
4110,6348
4046,6391
3974,6406
3897,6391
3817,6391
3733,6363
3649,6291
3566,6113
3485,5921
3409,5681
3338,5533
3275,5286
3220,5170
3175,4934
3141,4750
3118,4572
3107,4429
3108,4433
3120,4261
3145,4317
3181,4197
3227,4336
3283,4313
3348,4524
3419,4573
3496,4774
3578,4951
3661,5189
3746,5439
3830,5670
3911,5883
3989,6113
4061,6291
4126,6334
4183,6348
4232,6377
4271,6342
4299,6377
4318,6391
4325,6391
4323,6406
4310,6391
4288,6406
4258,6406
4220,6406
4176,6391
4126,6392
4073,6406
4018,3191
3962,6391
3907,6391
3854,6406
3805,6348
3760,6306
3722,6222
3690,6154
3666,6048
3651,5933
3645,5871
3647,5846
3659,5810
3679,5798
3707,5822
3743,5834
3785,5908
3833,6009
3885,6113
3940,4908
3997,6291
4053,6362
4109,6348
4161,6392
4210,6392
4252,6377
4288,6377
4317,6392
4336,6377
4346,6362
4346,6377
4336,6391
4315,6406
4284,6377
4244,6377
4194,6391
4136,6377
4070,6362
3999,6377
3922,6392
3842,6391
3759,6377
3677,6277
3595,6127
3516,5958
3441,5751
3371,5547
3307,5316
3252,5113
3205,4934
3167,4750
3139,4610
3121,4609
3113,4380
3115,4280
3127,3499
3147,4210
3175,4295
3210,4309
3251,4376
3295,4380
3343,4568
3392,4610
3441,4750
3487,4916
3530,5035
3568,5227
3600,5336
3624,5436
3639,5536
3644,5602
3639,5669
3623,5704
3596,5704
3557,5681
3508,5647
3447,5547
3378,5450
3299,5296
3212,5113
3119,4908
3021,4703
2919,4655
2816,4346
2713,4227
2611,3983
2512,3894
2419,3729
2332,3560
2253,3424
2183,3244
2123,3110
2075,2913
2038,2785
2013,2662
2001,2534
2001,2425
2013,2306
2036,2206
2070,2177
2113,2073
2164,1954
2223,1929
2287,1852
2355,1824
2426,1794
2497,1798
2567,1846
2635,1891
2698,2023
2756,1894
2808,2098
2852,2590
2887,2787
2912,3030
2928,3176
2934,3340
2930,3447
2917,3530
2894,3584
2862,3593
2823,3598
2777,3570
2726,3553
2671,3504
2614,3440
2555,3355
2496,3290
2440,3191
2387,3112
2338,2991
2295,2903
2259,2810
2232,2673
2213,2576
2203,2483
2202,2386
2212,2370
2230,2281
2258,2177
2295,2105
2339,2097
2390,2051
2447,2007
2509,2027
2574,2057
2640,2097
2707,2203
2772,2327
2835,2504
2894,2689
2948,2890
2995,3167
3034,3413
3065,3615
3087,3781
3100,3907
3103,4019
3096,4023
3080,4138
3054,4157
3021,3353
2980,4114
2932,4062
2880,4004
2823,3826
2764,3836
2704,3743
2645,3656
2587,3544
2534,3482
2485,3363
2442,3228
2407,3143
2381,3023
2363,2937
2356,2850
2359,2732
2373,2659
2397,2588
2431,2529
2475,2482
2528,2458
2589,2450
2656,2465
2729,2511
2807,2580
2887,2679
2967,2896
3048,3096
3126,3392
3200,3691
3269,3961
3332,4275
3387,4471
3432,4769
3468,4908
3494,5049
3508,5189
3512,5276
3504,5346
3486,5357
3457,5377
3419,5326
3373,5266
3319,5189
3259,5049
3195,4908
3128,4750
3059,4758
2991,4564
2926,4293
2864,4260
2807,4147
2758,3895
2716,3861
2685,3733
2663,3622
2653,3518
2654,3465
2668,3366
2694,3287
2731,3244
2781,3223
2841,3211
2911,3230
2989,3293
3076,3439
3168,3634
3266,3869
3366,4124
3468,4374
3570,4727
3669,5022
3766,5327
3857,5670
3942,5983
4020,6167
4089,6319
4148,6377
4198,6406
4237,6406
4266,6421
4284,6406
4292,6435
4291,6421
4281,6406
4263,6421
4238,6391
4208,6435
4174,6450
4137,6435
4098,6391
4060,6435
4024,6406
3991,6406
3962,6435
3939,6450
3922,6391
3913,6406
3912,6421
3920,6406
3937,6391
3963,6391
3997,6406
4040,6406
4090,6391
4148,5045
4211,6406
4278,6406
4349,6406
4422,6406
4496,6406
4569,6406
4639,6391
4705,6406
4766,6406
4821,6406
4868,6391
4907,6406
4936,6406
4955,6391
4964,6392
4962,6406
4950,6391
4929,6391
4897,6392
4857,6406
4809,6391
4754,6391
4694,6406
4630,6406
4563,6377
4494,6391
4427,6391
4361,6406
4298,6391
4241,6391
4189,6391
4145,6341
4109,6362
4081,6377
4063,6392
4056,6406
4058,6362
4069,6362
4091,6392
4121,6406
4159,6377
4204,6391
4255,5043
4311,6377
4370,6377
4430,6392
4491,6377
4550,6391
4605,6391
4656,6392
4701,6377
4738,6377
4767,6377
4786,6392
4794,6377
4792,6377
4778,6391
4753,6392
4716,6406
4669,6362
4611,6391
4544,6392
4469,6377
4386,6391
4298,6377
4205,6406
4110,6406
4014,6377
3919,6377
3827,6392
3739,6362
3657,6249
3581,6074
3515,5896
3458,5716
3412,5514
3377,5357
3354,5189
3344,5058
3345,4986
3358,4925
3382,4899
3417,4916
3462,4960
3515,5058
3576,5198
3642,5336
3713,5450
3786,4520
3860,5846
3934,6074
4005,6236
4073,6319
4135,6377
4191,6362
4239,6377
4279,6392
4309,6391
4330,6362
4340,6377
4340,6392
4330,6391
4310,6377
4281,6377
4245,6392
4201,6377
4151,6362
4096,6362
4038,6392
3978,6406
3918,6362
3859,6377
3803,6348
3750,6305
3703,6208
3662,6136
3629,5996
3604,5921
3588,5810
3581,5704
3584,5635
3595,5591
3616,5569
3646,5569
3683,5658
3728,5692
3778,5822
3833,5908
3892,6061
3952,6180
4013,6291
4073,6348
4131,6348
4185,6377
4234,6391
4277,6362
4312,6391
4338,6392
4356,6362
4364,6348
4363,6348
4351,6362
4330,6362
4299,6362
4260,6348
4212,6392
4158,6377
4098,6362
4033,6362
3965,6392
3895,6377
3826,6362
3757,6348
3692,6277
3631,6100
3576,5971
3527,5786
3487,5681
3456,5493
3434,5398
3422,5286
3421,5217
3430,5160
3449,5141
3477,5141
3515,5179
3561,5246
3614,5346
3673,5461
3736,5602
3802,5751
3870,5908
3937,6100
4003,6236
4065,6291
4122,6319
4173,6362
4217,6362
4251,6348
4276,6377
4291,6362
4294,6362
4287,6377
4268,6391
4238,6392
4198,6406
4148,6348
4089,6348
4022,6392
3948,6362
3870,6377
3788,6362
3704,6305
3620,6136
3537,5996
3458,5810
3384,5633
3315,5367
3255,5160
3204,4951
3162,4774
3132,4610
3113,4457
3106,4483
3111,4274
3128,4323
3156,4191
3196,4278
3246,4235
3305,4403
3372,4436
3445,4626
3524,4735
3606,5013
3691,5218
3775,5492
3858,5670
3939,5946
4014,6113
4084,6249
4147,6334
4201,6334
4246,6348
4282,6377
4307,6362
4321,6377
4326,6348
4319,6362
4304,6377
4279,6362
4246,6348
4205,6362
4159,6362
4108,6391
4054,6348
3999,6392
3943,6362
3888,6377
3836,6391
3789,6348
3746,6305
3710,6208
3681,6113
3660,6009
3648,5908
3644,5835
3650,5798
3665,5775
3688,5775
3718,5798
3757,5834
3801,5908
3850,5996
3904,6114
3959,6222
4016,6319
4073,6348
4127,6362
4179,6348
4225,6362
4266,6362
4299,6442
4324,6348
4341,6348
4347,6362
4344,6406
4330,6391
4306,6348
4272,6362
4228,6362
4175,6348
4114,6363
4046,6362
3973,6362
3895,6363
3814,6348
3731,6348
3648,6236
3567,6113
3489,5883
3416,5681
3348,5493
3287,5237
3234,5031
3191,4857
3156,4687
3132,4694
3117,4443
3113,4333
3118,4365
3133,4216
3156,4285
3186,4191
3223,4309
3266,4286
3312,4481
3360,4485
3409,4633
3457,4782
3503,4934
3544,5076
3580,5217
3609,5377
3630,5482
3642,5569
3644,5613
3635,5692
3615,5704
3584,5716
3541,5670
3488,5602
3424,5503
3351,5367
3270,5237
3181,5049
3086,4874
2986,4679
2884,4471
2780,4413
2677,4111
2576,4051
2479,3879
2388,3694
2304,3525
2227,3332
2161,3213
2105,3021
2061,2907
2028,2772
2008,2649
2000,2532
2004,2417
2019,2312
2046,2206
2084,2176
2130,2077
2184,1960
2245,1936
2310,1865
2379,1838
2450,1812
2521,1820
2591,1878
2657,1927
2719,2057
2775,2216
2824,2413
2865,2612
2897,2887
2919,3049
2932,3236
2934,3384
2927,3461
2910,3548
2884,3579
2850,3584
2808,3589
2760,3571
2708,3526
2652,3469
2593,3435
2534,3359
2477,3254
2421,3186
2369,3069
2322,2993
2282,2854
2249,2769
2224,2677
2208,2588
2201,2496
2204,2406
2217,2321
2239,2236
2270,2222
2309,2153
2356,2074
2409,2077
2468,2054
2531,2041
2596,2085
2663,2140
2730,2237
2794,2345
2856,2504
2913,2785
2965,2982
3009,3243
3046,3472
3074,3667
3093,3822
3102,3939
3101,4037
3091,4040
3072,4157
3044,4157
3008,4052
2964,4129
2915,4056
2861,3987
2803,3821
2743,3809
2683,3729
2625,3618
2568,3557
2516,3445
2469,3319
2429,3238
2397,3124
2374,3028
2360,2908
2356,2827
2363,2755
2380,2674
2408,2612
2445,2528
2492,2487
2548,2467
2611,2469
2681,2496
2756,2543
2834,2622
2914,2737
2995,2973
3075,3173
3152,3472
3225,3755
3292,4024
3352,4328
3404,4507
3446,4742
3478,4925
3500,5076
3511,5198
3510,5286
3499,5356
3477,5366
3445,5356
3404,5316
3355,5227
3299,5160
3237,5022
3172,4891
3104,4718
3036,4566
2968,4558
2904,4280
2844,4260
2789,3995
2742,3965
2704,3856
2676,3738
2658,3627
2652,3514
2658,3448
2676,3370
2705,3295
2747,3260
2800,3234
2864,3229
2937,3252
3018,3324
3107,3464
3202,3681
3300,3912
3401,4174
3503,4530
3604,4776
3703,5086
3798,5461
3887,5739
3970,6035
4044,6222
4110,6334
4166,6391
4213,6406
4248,6391
4273,6391
4288,6435
4293,6406
4289,6406
4276,6406
4255,6406
4228,6435
4197,6421
4161,6406
4123,6450
4085,6391
4047,6406
4012,6421
3980,6392
3953,6421
3932,6406
3918,6421
3912,6391
3914,6391
3925,6406
3945,6406
3974,6391
4011,6406
4057,6406
4109,6391
4169,6391
4234,6392
4303,6391
4374,6391
4448,6391
4521,6392
4593,6406
4662,6391
4727,6391
4786,6392
4838,6421
4882,6391
4918,5043
4943,6391
4959,6406
4965,6391
4959,6406
4944,6406
4919,6377
4884,6377
4841,6391
4791,6392
4734,6362
4672,6377
4607,6392
4539,6406
4471,6377
4404,6377
4339,6406
4278,6406
4222,6377
4173,6377
4131,6391
4098,6392
4074,6391
4060,6362
4055,6391
4060,6406
4076,6377
4100,6362
4133,6391
4174,6377
4221,6362
4274,6377
4331,6391
4391,6443
4451,6362
4511,6377
4569,6392
4623,6377
4672,6362
4715,6362
4749,6392
4775,6377
4790,6348
4795,6391
4788,6377
4771,6377
4742,6362
4701,6348
4650,6392
4589,6345
4519,6348
4441,6348
4356,6392
4266,6342
4173,6348
4077,6348
3982,6391
3887,6391
3796,6348
3710,6334
3630,6208
3557,6022
3494,5823
3441,5634
3399,5439
3368,5296
3349,5132
3343,5013
3348,4951
3365,4908
3393,4899
3432,4916
3480,4977
3536,5076
3598,5208
3666,5366
3738,5503
3812,5704
3886,5871
3959,6087
4029,6236
4095,6319
4155,6362
4209,6362
4254,6362
4290,6362
4317,6406
4334,6377
4341,5043
4337,6391
4324,6362
4301,6391
4270,5026
4230,6392
4184,6391
4132,6362
4076,5014
4017,6391
3957,6391
3897,6348
3839,6348
3784,6348
3733,6305
3688,6180
3650,6074
3620,5958
3598,5846
3585,5751
3581,4531
3587,5635
3602,5591
3626,5602
3658,5613
3698,5692
3745,5739
3797,5835
3853,5945
3912,4822
3973,6208
4034,6319
4094,6305
4150,6348
4203,6362
4249,6377
4290,6348
4322,6377
4346,6362
4360,6391
4365,6348
4360,6377
4345,6362
4320,6377
4286,6391
4244,6348
4194,6362
4138,6377
4076,6362
4010,6377
3941,6362
3871,6391
3802,6362
3735,6277
3671,6194
3611,6048
3558,5896
3513,5774
3475,4479
3447,5439
3429,5346
3420,5256
3423,5179
3435,5150
3457,5122
3489,5141
3530,5188
3578,5266
3634,5346
3694,5514
3759,5602
3825,5787
3893,5958
3960,6140
4025,6263
4085,6319
4141,6348
4189,6348
4230,6362
4261,6377
4282,6348
4293,6362
4293,6362
4282,6362
4259,6348
4225,6363
4182,6391
4128,6362
4066,6348
3997,6348
3922,6377
3842,6362
3759,6334
3675,6222
3591,6100
3510,5896
3432,5774
3359,5482
3294,5296
3236,5085
3188,4908
3150,4718
3124,4565
3109,4422
3106,4441
3115,4235
3136,4298
3169,4178
3212,4283
3265,3493
3327,4431
3396,4500
3472,4672
3552,4883
3635,5095
3720,5316
3804,5558
3886,5810
3965,6022
4039,6194
4107,6306
4166,6334
4218,6362
4260,6362
4292,6363
4313,6377
4324,6391
4325,6348
4315,6348
4296,6377
4268,6377
4232,6348
4190,6348
4142,6362
4090,6362
4035,6348
3979,6348
3924,6377
3870,6362
3819,6362
3773,6306
3733,6222
3699,6127
3673,6009
3655,5933
3646,5859
3645,5810
3654,5774
3672,5739
3697,5763
3731,5775
3771,5834
3817,5920
3868,6035
3923,6153
3979,6236
4036,6306
4092,6305
4145,6334
4195,6348
4240,5012
4278,6348
4309,6348
4331,6334
4344,6348
4347,6362
4340,6348
4323,6334
4295,6362
4257,6362
4210,6362
4155,6348
4091,5012
4021,6348
3946,6362
3867,6348
3785,6319
3702,6249
3620,6167
3540,5958
3463,5787
3392,5569
3326,5346
3268,5141
3218,4960
3178,4782
3147,4610
3125,4478
3115,4483
3114,4274
3122,4317
3140,4172
3165,4264
3198,4191
3237,4329
3281,4326
3328,4517
3377,4543
3426,4679
3473,4832
3517,4978
3557,5122
3591,5276
3617,5397
3635,5492
3644,5580
3642,5635
3629,5681
3605,5692
3570,5658
3524,5635
3467,5514
3400,5440
3324,5266
3240,5104
3148,4925
3052,4727
2951,4514
2848,4478
2745,4173
2642,4111
2542,3949
2447,3769
2358,3596
2276,3413
2203,3284
2140,3095
2088,2962
2048,2768
2019,2642
2003,2516
2000,2400
2008,2372
2028,2261
2058,2130
2099,2024
2148,1992
2204,1903
2267,1862
2334,1800
2404,1781
2475,1774
2546,1801
2614,1882
2679,1949
2739,2112
2793,2289
2839,2494
2877,2696
2905,2957
2924,3099
2934,3278
2933,3401
2922,3494
2902,3543
2873,3575
2836,3570
2792,3557
2743,3517
2689,3474
2632,3411
2573,3366
2514,3284
2457,3177
2403,3102
2352,2978
2308,2891
2270,2802
2239,2708
2218,2620
2205,2520
2201,2431
2208,2336
2223,2250
